image_width: 640
image_height: 480
camera_name: head_camera
camera_matrix:
  rows: 3
  cols: 3
  data: [676.0950217663766, 0, 312.6330931016438, 0, 675.0357193946821, 256.8205602631361, 0, 0, 1]
distortion_model: plumb_bob
distortion_coefficients:
  rows: 1
  cols: 5
  data: [0.03713813191001096, -0.09109138063784385, 0.01338655905192465, 0.006682238340596371, 0]
rectification_matrix:
  rows: 3
  cols: 3
  data: [1, 0, 0, 0, 1, 0, 0, 0, 1]
projection_matrix:
  rows: 3
  cols: 4
  data: [682.692626953125, 0, 315.5324046225796, 0, 0, 679.2699584960938, 261.1687094173321, 0, 0, 0, 1, 0]