image_width: 1280
image_height: 720
camera_name: narrow_stereo
camera_matrix:
  rows: 3
  cols: 3
  data: [ 768.98536,    0.     ,  653.5382 ,
            0.     ,  766.67578,  375.24631,
            0.     ,    0.     ,    1.     ]
distortion_model: plumb_bob
distortion_coefficients:
  rows: 1
  cols: 5
  data: [-0.315203, 0.084002, 0.000428, -0.000010, 0.000000]
rectification_matrix:
  rows: 3
  cols: 3
  data: [ 1.,  0.,  0.,
          0.,  1.,  0.,
          0.,  0.,  1.]
projection_matrix:
  rows: 3
  cols: 4
  data: [ 564.84323,    0.     ,  660.76242,    0.     ,
            0.     ,  706.32884,  378.24951,    0.     ,
            0.     ,    0.     ,    1.     ,    0.     ]